Logistic regression
Training set size: 54, Test set size: 5
[0.5967261904761905, 0.5967261904761905, 0.681079931972789, 0.7284438775510204, 0.734608843537415, 0.7428996598639455, 0.7552721088435372, 0.7613945578231293, 0.7942602040816326, 0.8065051020408165, 0.8064625850340136, 0.8105867346938777, 0.8105867346938777, 0.8126275510204082, 0.8105867346938777, 0.8105867346938777, 0.8147108843537415]
[0.51, 0.51, 0.5833333333333333, 0.6033333333333333, 0.6033333333333333, 0.6033333333333333, 0.6033333333333333, 0.6966666666666665, 0.7166666666666666, 0.7366666666666666, 0.7366666666666666, 0.7366666666666666, 0.7366666666666666, 0.7366666666666666, 0.7366666666666666, 0.7366666666666666, 0.7366666666666666]
0.8
10000
0.8367346938775511 0.8
Best C: 0.8
Best validation performance: 0.7366666666666666
Test performance: 0.8


SVC
Training set size: 54, Test set size: 5
[0.4421343537414967, 0.4421343537414967, 0.4421343537414967, 0.4421343537414967, 0.4421343537414967, 0.4421343537414967, 0.47287414965986396, 0.5372448979591837, 0.7548044217687073, 0.857780612244898, 0.8660714285714285, 0.868154761904762, 0.8701955782312926, 0.8701955782312926, 0.8701955782312926, 0.8722789115646258, 0.8722789115646258, 0.48741496598639455, 0.48741496598639455, 0.48741496598639455, 0.48741496598639455, 0.48741496598639455, 0.48741496598639455, 0.49774659863945575, 0.5554846938775511, 0.7712159863945578, 0.9114795918367348, 0.9217261904761903, 0.9238095238095239, 0.9238095238095239, 0.9258503401360544, 0.9258503401360544, 0.9258503401360544, 0.9278911564625851, 0.5017857142857143, 0.5017857142857143, 0.5017857142857143, 0.5017857142857143, 0.5017857142857143, 0.5017857142857143, 0.5017857142857143, 0.5182397959183673, 0.7938350340136054, 0.9525935374149659, 0.9546343537414966, 0.9587585034013605, 0.9587585034013605, 0.9587585034013605, 0.9587585034013605, 0.9587585034013605, 0.9587585034013605, 0.5038690476190476, 0.5038690476190476, 0.5038690476190476, 0.5038690476190476, 0.5038690476190476, 0.5038690476190476, 0.5038690476190476, 0.5101190476190476, 0.7652210884353742, 0.9567176870748298, 0.9629251700680271, 0.9649659863945578, 0.9649659863945578, 0.9649659863945578, 0.9649659863945578, 0.9649659863945578, 0.9649659863945578, 0.5038690476190476, 0.5038690476190476, 0.5038690476190476, 0.5038690476190476, 0.5038690476190476, 0.5038690476190476, 0.5038690476190476, 0.5101190476190476, 0.7570578231292517, 0.9567176870748298, 0.9649659863945578, 0.9649659863945578, 0.9649659863945578, 0.9649659863945578, 0.9649659863945578, 0.9649659863945578, 0.9649659863945578]
[0.13333333333333336, 0.13333333333333336, 0.13333333333333336, 0.13333333333333336, 0.13333333333333336, 0.13333333333333336, 0.13333333333333336, 0.2033333333333333, 0.2733333333333333, 0.4566666666666667, 0.4566666666666667, 0.4566666666666667, 0.4566666666666667, 0.4566666666666667, 0.47666666666666674, 0.47666666666666674, 0.49333333333333335, 0.12999999999999998, 0.12999999999999998, 0.12999999999999998, 0.12999999999999998, 0.12999999999999998, 0.12999999999999998, 0.12999999999999998, 0.14666666666666667, 0.29, 0.41999999999999993, 0.45666666666666667, 0.51, 0.51, 0.51, 0.51, 0.51, 0.51, 0.15, 0.15, 0.15, 0.15, 0.15, 0.15, 0.15, 0.15, 0.36666666666666675, 0.45999999999999996, 0.45999999999999996, 0.45999999999999996, 0.45999999999999996, 0.45999999999999996, 0.45999999999999996, 0.45999999999999996, 0.45999999999999996, 0.13333333333333336, 0.13333333333333336, 0.13333333333333336, 0.13333333333333336, 0.13333333333333336, 0.13333333333333336, 0.13333333333333336, 0.13333333333333336, 0.35000000000000003, 0.48, 0.48, 0.48, 0.48, 0.48, 0.48, 0.48, 0.48, 0.13333333333333336, 0.13333333333333336, 0.13333333333333336, 0.13333333333333336, 0.13333333333333336, 0.13333333333333336, 0.13333333333333336, 0.13333333333333336, 0.33, 0.4999999999999999, 0.48, 0.48, 0.48, 0.48, 0.48, 0.48, 0.48]
0.8979591836734694 0.6
Best gamma: 0.2
Best C: 0.95
Best validation performance: 0.51
Test performance: 0.6

Tree
Training set size: 54, Test set size: 5
[0.460841836734694, 0.5761904761904761, 0.7161139455782313, 0.8251700680272108, 0.8802295918367345, 0.9280187074829932, 0.9608418367346937, 0.965221088435374, 0.989753401360544, 0.9959183673469388]
[0.36, 0.5199999999999999, 0.5733333333333334, 0.7666666666666666, 0.7166666666666666, 0.7566666666666666, 0.8466666666666667, 0.8533333333333333, 0.7566666666666666, 0.9266666666666667]
0.9183673469387755 0.8
Best gamma: 10
Best validation performance: 0.9266666666666667
Test performance: 0.8

